1 100 0.0477997
1 200 0.0305916
1 300 0.0999626
1 400 0.0514999
1 500 0.0401297
1 600 0.00536857
1 700 0.196153
1 800 0.0616192
1 900 0.0156549
1 1000 0.399821
1 1100 0.0968197
1 1200 0.0296356
1 1300 0.29115
1 1400 0.0168356
1 1500 0.0152078
1 1600 0.107788
1 1700 0.0105907
1 1800 0.0359713
1 1900 0.0156186
1 2000 0.15075
1 2100 0.0722492
1 2200 0.398191
1 2300 0.230114
1 2400 0.122803
1 2500 0.0053379
1 2600 0.0711596
1 2700 0.224222
1 2800 0.0512785
1 2900 0.167115
1 3000 0.0305988
1 3100 0.239124
1 3200 0.015816
1 3300 0.0341576
1 3400 0.167058
1 3500 0.0745057
1 3600 0.25137
1 3700 0.0578756
1 3800 0.016163
1 3900 0.189595
1 4000 0.452371
1 4100 0.0352406
1 4200 0.0744223
1 4300 0.110527
1 4400 0.0742916
1 4500 0.361494
1 4600 0.0378357
1 4700 0.0719312
1 4800 0.0720964
1 4900 0.0441191
1 5000 0.0434478
1 5100 0.0793259
1 5200 0.088767
1 5300 0.0967324
1 5400 0.191113
1 5500 0.0298857
1 5600 0.0195431
1 5700 1.26859
1 5800 0.106617
1 5900 0.0418473
1 6000 0.00548149
1 6100 0.639973
1 6200 0.00394329
1 6300 0.108086
1 6400 0.0393913
1 6500 0.0207578
1 6600 0.0985298
1 6700 0.0492888
1 6800 0.013007
1 6900 0.324852
1 7000 0.484477
1 7100 0.147452
1 7200 0.0224937
1 7300 0.00488996
1 7400 0.00208419
1 7500 0.257286
1 7600 0.0493649
1 7700 0.0184961
1 7800 0.0158577
1 7900 0.0484152
1 8000 0.0344117
1 8100 0.140592
1 8200 0.0926451
1 8300 0.0472879
1 8400 0.297062
1 8500 0.0152793
1 8600 0.113046
1 8700 0.802477
1 8800 0.174518
1 8900 0.380073
1 9000 0.0122276
1 9100 0.0561358
1 9200 0.10758
1 9300 0.0993911
1 9400 0.30386
1 9500 1.3124
1 9600 0.0863884
1 9700 0.00955781
1 9800 0.0659753
1 9900 0.00703804
1 10000 0.0461451
1 10100 0.00432966
1 10200 0.192874
1 10300 0.0716024
1 10400 0.059861
1 10500 0.0605511
1 10600 0.418352
1 10700 0.0482257
1 10800 0.0717568
1 10900 0.108702
1 11000 0.0963062
1 11100 0.0329912
1 11200 0.264274
1 11300 0.0380113
1 11400 0.204432
1 11500 0.05583
1 11600 0.0672067
1 11700 0.020553
1 11800 0.0833562
1 11900 0.136984
1 12000 0.0542136
1 12100 0.0758735
1 12200 0.278588
1 12300 0.0789812
1 12400 0.133272
1 12500 0.00705783
1 12600 0.489349
1 12700 0.0251091
1 12800 0.626669
1 12900 0.0510283
1 13000 0.00690714
1 13100 0.0642516
1 13200 0.423626
1 13300 0.035331
1 13400 0.0428533
1 13500 0.0137779
1 13600 1.4129
1 13700 0.0245931
1 13800 0.364981
1 13900 0.00334544
1 14000 0.024634
1 14100 0.0504591
1 14200 0.676894
1 14300 0.0633268
1 14400 0.0478065
1 14500 0.068908
1 14600 0.170984
1 14700 0.00576511
1 14800 0.0354858
1 14900 0.163652
1 15000 0.149071
1 15100 0.121549
1 15200 0.0125449
1 15300 1.10659
1 15400 0.0693923
1 15500 0.0272708
1 15600 0.0188872
1 15700 1.39847
1 15800 0.251255
1 15900 0.0102239
1 16000 0.0823951
1 16100 0.0593316
1 16200 0.0552582
1 16300 0.0681963
1 16400 0.0956789
1 16500 0.0225466
1 16600 0.0042405
1 16700 0.326033
1 16800 0.120267
1 16900 0.0397374
1 17000 0.154504
1 17100 0.775294
1 17200 0.0388673
1 17300 0.13627
1 17400 0.320788
1 17500 0.0915365
1 17600 0.1151
1 17700 0.00440593
1 17800 0.120928
1 17900 0.00755034
1 18000 0.51061
1 18100 0.00801864
1 18200 0.0122008
1 18300 0.0231224
1 18400 0.0140113
1 18500 0.0344737
1 18600 0.00845375
1 18700 0.582833
1 18800 0.310477
1 18900 0.179312
1 19000 0.159025
1 19100 0.108073
1 19200 0.175622
1 19300 0.0146067
1 19400 0.0870961
1 19500 0.00171269
1 19600 0.0263628
1 19700 0.0423051
1 19800 0.119229
1 19900 0.132036
1 20000 0.0280808
1 20100 0.0387727
1 20200 0.150579
1 20300 0.0161495
1 20400 0.00343607
1 20500 0.133268
1 20600 0.0621169
1 20700 0.069181
1 20800 0.0967581
1 20900 0.0651285
1 21000 0.0950116
1 21100 0.00599227
1 21200 0.00448622
1 21300 0.154426
1 21400 0.122633
1 21500 0.00643218
1 21600 0.221876
1 21700 0.310038
1 21800 0.0183467
1 21900 0.0692321
1 22000 0.0304268
1 22100 0.0675611
1 22200 0.0487079
1 22300 0.117236
1 22400 0.062137
1 22500 0.0453176
1 22600 0.0603276
1 22700 0.153038
1 22800 0.0331364
1 22900 0.0803097
1 23000 0.25467
1 23100 0.0863622
1 23200 0.00135032
1 23300 0.0560087
1 23400 0.0741277
1 23500 0.0265918
1 23600 0.0817296
1 23700 0.0678409
1 23800 0.081278
1 23900 0.0456965
1 24000 0.745238
1 24100 0.383632
1 24200 0.236017
1 24300 0.0490091
1 24400 0.0200233
1 24500 0.166022
1 24600 0.217843
1 24700 0.0324455
1 24800 0.0518387
1 24900 0.00432619
1 25000 0.0246629
1 25100 0.0476383
1 25200 0.0645078
1 25300 0.0607107
1 25400 0.0233953
1 25500 0.250176
1 25600 0.207331
1 25700 0.0110752
1 25800 0.0129584
1 25900 0.201792
1 26000 0.0161152
1 26100 0.0208599
1 26200 0.0776554
1 26300 0.38348
1 26400 0.0188579
1 26500 0.136626
1 26600 0.0306583
1 26700 0.0179319
1 26800 0.0164292
1 26900 0.048464
1 27000 0.015441
1 27100 0.539962
1 27200 0.0594116
1 27300 0.312418
1 27400 0.0690929
1 27500 0.619136
1 27600 0.0537824
1 27700 0.0272782
1 27800 0.0651371
1 27900 0.0535906
1 28000 0.150298
1 28100 0.216997
1 28200 0.706349
1 28300 0.0887979
1 28400 0.0236501
1 28500 0.096867
1 28600 0.0144729
1 28700 0.0779408
1 28800 0.0924744
1 28900 0.00192731
1 29000 0.0335142
1 29100 0.0229679
1 29200 0.0104121
1 29300 0.116573
1 29400 0.0776613
1 29500 0.00341798
1 29600 0.0716977
1 29700 0.0387308
1 29800 0.0286644
1 29900 0.120607
1 30000 0.101474
1 30100 0.962147
1 30200 0.05642
1 30300 0.142744
1 30400 0.0297502
1 30500 0.0947386
1 30600 0.052816
1 30700 1.68221
1 30800 0.0129214
1 30900 0.029624
1 31000 0.0335194
1 31100 0.0160255
1 31200 0.0554246
1 31300 0.0323923
1 31400 0.0945645
1 31500 0.0759072
1 31600 0.00595563
1 31700 0.0423528
1 31800 0.0656675
1 31900 0.100022
1 32000 0.0264247
1 32100 0.166179
1 32200 0.121182
1 32300 0.0104697
1 32400 0.040302
1 32500 0.312675
1 32600 0.0781339
1 32700 0.00944769
1 32800 0.0215319
1 32900 0.0616816
1 33000 0.00973871
1 33100 0.0175973
1 33200 0.0110749
1 33300 0.415317
1 33400 1.05256
1 33500 0.00993415
1 33600 0.0382896
1 33700 0.0754063
1 33800 0.0207884
1 33900 0.0110136
1 34000 0.0711847
1 34100 0.118983
1 34200 0.187377
1 34300 0.236191
1 34400 0.114898
1 34500 0.0796304
1 34600 0.0469015
1 34700 0.0560586
1 34800 0.0667801
1 34900 0.133532
1 35000 0.0938791
1 35100 0.0301254
1 35200 0.122557
1 35300 0.0362264
1 35400 0.517251
1 35500 0.0694546
1 35600 0.291653
1 35700 0.0105865
1 35800 0.0287971
1 35900 0.0619013
1 36000 0.234542
1 36100 0.432312
1 36200 0.0168791
1 36300 0.112578
1 36400 0.0237695
1 36500 0.0592108
1 36600 0.0209757
1 36700 0.0764776
1 36800 0.0308372
1 36900 0.401226
1 37000 0.00443421
1 37100 0.0998856
1 37200 0.0194485
1 37300 0.00488987
1 37400 0.825601
1 37500 0.0883191
1 37600 0.0177293
1 37700 0.213992
1 37800 0.0768601
1 37900 0.0393122
1 38000 0.0207154
1 38100 0.0128269
1 38200 0.505562
1 38300 0.0250646
1 38400 0.12368
1 38500 0.00590479
1 38600 0.0266945
1 38700 0.0139298
1 38800 0.00235529
1 38900 0.00935026
1 39000 0.034358
1 39100 0.0508108
1 39200 0.0174388
1 39300 0.003752
1 39400 0.0347102
1 39500 0.0818383
1 39600 0.0670347
1 39700 1.15716
1 39800 0.102765
1 39900 0.182469
1 40000 0.0507403
1 40100 0.0627056
1 40200 0.0941005
1 40300 0.07912
1 40400 0.0817111
1 40500 0.0148721
1 40600 0.163259
1 40700 0.385016
1 40800 0.114921
1 40900 0.00775249
1 41000 0.017819
1 41100 0.137307
1 41200 0.120149
1 41300 0.0352001
1 41400 0.0632304
1 41500 0.0401787
1 41600 0.0746081
1 41700 0.00908121
1 41800 0.012923
1 41900 0.0696887
1 42000 0.152792
1 42100 0.0248909
1 42200 0.0875635
1 42300 0.0525238
1 42400 0.341648
1 42500 0.0556065
1 42600 0.0231277
1 42700 1.37394
1 42800 0.131519
1 42900 0.0714513
1 43000 0.131024
1 43100 0.238778
1 43200 0.126953
1 43300 0.0619104
1 43400 0.11446
1 43500 0.0782059
1 43600 0.0950197
1 43700 0.567742
1 43800 0.0984783
1 43900 0.0919161
1 44000 0.0211347
1 44100 0.0245888
1 44200 0.86324
1 44300 0.0713686
1 44400 1.08794
1 44500 0.0424566
1 44600 0.0122983
1 44700 0.096469
1 44800 0.422426
1 44900 0.301536
1 45000 0.420168
1 45100 0.00234084
1 45200 0.0879901
1 45300 0.216776
1 45400 0.0515485
1 45500 0.0315287
1 45600 0.142779
1 45700 0.0287025
1 45800 0.119218
1 45900 0.0419581
1 46000 0.202094
1 46100 0.114381
1 46200 0.0357017
1 46300 0.0544735
1 46400 0.024979
1 46500 0.0710002
1 46600 0.0804315
1 46700 0.00325145
1 46800 0.0235676
1 46900 2.40375
1 47000 0.00737006
1 47100 0.064131
1 47200 0.0752615
1 47300 0.0181151
1 47400 0.0695232
1 47500 0.0552818
1 47600 0.0263935
1 47700 0.567276
1 47800 0.299115
1 47900 0.468122
1 48000 0.00825494
1 48100 0.128027
1 48200 0.209748
1 48300 0.141245
1 48400 0.0849046
1 48500 0.0721629
1 48600 0.0142837
1 48700 0.0653875
1 48800 0.0221592
1 48900 0.036416
1 49000 0.653714
1 49100 0.135942
1 49200 0.154716
1 49300 0.00278773
1 49400 0.359181
1 49500 0.16699
1 49600 0.00781439
1 49700 0.016332
1 49800 0.0584815
1 49900 0.0786219
1 50000 0.0765515
1 50100 0.187807
1 50200 0.249319
1 50300 0.0611979
1 50400 0.0351479
1 50500 0.0578767
1 50600 0.0553002
1 50700 0.0171064
1 50800 0.306318
1 50900 0.0813787
1 51000 0.0234295
1 51100 0.115637
1 51200 0.03101
1 51300 0.0356419
1 51400 0.076326
1 51500 0.108157
1 51600 0.00327154
1 51700 0.641376
1 51800 0.175642
1 51900 0.0536068
1 52000 0.0297205
1 52100 0.0057461
1 52200 0.0136947
1 52300 0.110886
1 52400 0.0962875
1 52500 0.153509
1 52600 0.00886714
1 52700 0.132554
1 52800 0.14534
1 52900 0.279018
1 53000 0.0538717
1 53100 0.0637612
1 53200 0.146737
1 53300 0.016097
1 53400 0.034802
1 53500 0.00354407
1 53600 0.225136
1 53700 0.0133475
1 53800 0.00313337
1 53900 0.0329602
1 54000 0.0293044
1 54100 0.0409781
1 54200 0.191128
1 54300 0.0172652
1 54400 0.00712911
1 54500 0.10541
1 54600 0.0185327
1 54700 0.0193387
1 54800 0.258742
1 54900 0.0261282
1 55000 0.0220721
1 55100 0.031706
1 55200 0.0614694
1 55300 0.0221473
1 55400 0.0126583
1 55500 0.0427055
1 55600 0.143621
1 55700 0.0085626
1 55800 0.0448725
1 55900 0.202859
1 56000 0.111724
1 56100 0.0832119
1 56200 0.0437316
1 56300 0.0364637
1 56400 0.0436969
1 56500 0.132445
1 56600 0.0108526
1 56700 0.0905526
1 56800 0.0222537
1 56900 0.0943219
1 57000 0.222563
1 57100 0.0158869
1 57200 0.0647541
1 57300 0.1021
1 57400 0.0685046
1 57500 0.0168671
1 57600 0.117982
1 57700 0.180176
1 57800 0.0123202
1 57900 0.0287833
1 58000 0.122595
1 58100 0.0895706
1 58200 0.313183
1 58300 0.0591383
1 58400 0.0225411
1 58500 0.0105979
1 58600 0.0250782
1 58700 0.0335683
1 58800 0.0136054
1 58900 0.0305627
1 59000 0.477988
1 59100 0.00479754
1 59200 0.067745
1 59300 0.097057
1 59400 0.0200776
1 59500 0.101956
1 59600 0.0115821
1 59700 0.127395
1 59800 0.049301
1 59900 0.0471062
1 60000 0.0671491
1 60100 0.0272453
1 60200 0.00862372
1 60300 0.0142732
1 60400 0.158516
1 60500 0.104412
1 60600 0.014601
1 60700 0.0438581
1 60800 0.412983
1 60900 0.200453
1 61000 0.0618482
1 61100 0.0227215
1 61200 0.027153
1 61300 0.0827217
1 61400 0.128298
1 61500 0.142883
1 61600 0.0227658
1 61700 0.0346036
1 61800 0.000408427
1 61900 0.196948
1 62000 0.00589103
1 62100 0.0748505
1 62200 0.0548367
1 62300 0.176231
1 62400 0.0692
1 62500 0.0854183
1 62600 0.576223
1 62700 0.0120705
1 62800 0.00859002
1 62900 0.155517
1 63000 0.0370218
1 63100 0.0137428
1 63200 0.124183
1 63300 0.036528
1 63400 0.0358271
1 63500 0.0395355
1 63600 0.03578
1 63700 0.0267775
1 63800 0.0116598
1 63900 0.0426693
1 64000 0.113656
1 64100 0.0496883
1 64200 0.113311
1 64300 0.00643924
1 64400 0.00323687
1 64500 0.0410932
1 64600 0.0133558
1 64700 0.154238
1 64800 0.304326
1 64900 0.0131547
1 65000 0.0744362
1 65100 0.00968601
1 65200 0.00614723
1 65300 0.0212392
1 65400 0.508501
1 65500 0.0997888
1 65600 0.00683299
1 65700 0.0261908
1 65800 0.00296649
1 65900 0.0890832
1 66000 0.0150036
1 66100 0.17665
1 66200 0.0224554
1 66300 0.0315113
1 66400 0.215218
1 66500 0.028864
1 66600 0.36433
1 66700 0.0310962
1 66800 0.0625022
1 66900 0.117107
1 67000 0.0409314
1 67100 1.18595
1 67200 0.0292168
1 67300 0.0869595
1 67400 0.0273355
1 67500 1.04256
1 67600 0.0079941
1 67700 0.0808355
1 67800 0.0248142
1 67900 0.106968
1 68000 0.00652365
1 68100 0.014274
1 68200 0.00569033
1 68300 0.0830191
1 68400 0.0773779
1 68500 0.0355029
1 68600 0.0228303
1 68700 0.00460768
1 68800 0.0041215
1 68900 0.118394
1 69000 0.0481807
1 69100 0.0437182
1 69200 0.201664
1 69300 0.0267628
1 69400 0.043551
1 69500 0.0213795
1 69600 0.0462966
1 69700 0.0115676
1 69800 0.0225595
1 69900 0.00244185
1 70000 0.282054
1 70100 0.0637357
1 70200 0.0492606
1 70300 0.0243954
1 70400 0.523555
1 70500 0.153126
1 70600 0.0664312
1 70700 0.015344
1 70800 0.102186
1 70900 0.0029506
1 71000 0.0134951
1 71100 0.00887824
1 71200 0.0627563
1 71300 0.03721
1 71400 0.0526152
1 71500 1.08472
1 71600 0.059394
1 71700 0.194178
1 71800 0.0165248
1 71900 0.00433607
1 72000 0.0668655
1 72100 0.046975
1 72200 0.237057
1 72300 0.495294
1 72400 0.0186718
1 72500 0.00380579
1 72600 0.18658
1 72700 0.0376039
1 72800 0.0988737
1 72900 0.0151345
1 73000 0.024264
1 73100 0.00614368
1 73200 0.0135267
1 73300 0.0792461
1 73400 0.0774124
1 73500 0.0415121
1 73600 0.0489885
1 73700 0.00960757
1 73800 0.00896714
1 73900 0.0990991
1 74000 0.0491674
1 74100 0.0247152
1 74200 0.081788
1 74300 0.0170754
1 74400 0.00952881
1 74500 0.045701
1 74600 0.0211335
1 74700 0.033858
1 74800 0.0294913
1 74900 0.0112209
1 75000 0.000619095
1 75100 0.0727051
1 75200 0.0507596
1 75300 0.221427
1 75400 0.0283698
1 75500 0.26457
1 75600 0.0587194
1 75700 0.0341076
1 75800 0.18864
1 75900 0.101537
1 76000 0.0318632
1 76100 0.562542
1 76200 0.00891208
1 76300 0.0337232
1 76400 0.153951
1 76500 0.0303992
1 76600 0.0152392
1 76700 0.0081949
1 76800 0.0235089
1 76900 0.650703
1 77000 0.439413
1 77100 0.0925748
1 77200 0.0443926
1 77300 0.585476
1 77400 0.0890563
1 77500 0.042551
1 77600 0.0117
1 77700 0.180712
1 77800 0.00206372
1 77900 0.0358581
1 78000 0.0430606
1 78100 0.0362603
1 78200 0.143127
1 78300 0.044573
1 78400 0.00381216
1 78500 0.0540743
1 78600 0.0123694
1 78700 0.143342
1 78800 0.17378
1 78900 0.00236667
1 79000 0.167365
1 79100 0.0101913
1 79200 0.0410686
1 79300 0.0154912
1 79400 0.0445718
1 79500 0.100134
1 79600 0.036665
